&physicslist
 Igeometry   =         3
 Istellsym   =         1
 Lfreebound  =         0
 phiedge     =   1.000000000000000E+00
 curtor      =   0.000000000000000E+00
 curpol      =   0.000000000000000E+00
 gamma       =   0.000000000000000E+00
 Nfp         =         1
 Nvol        =         1
 Mpol        =         6
 Ntor        =         6
 Lrad        =                       6
 tflux       =   1.000000000000000E+00
 pflux       =   0.000000000000000E+00
 helicity    =   5.814095240443346E+01
 pscale      =   0.000000000000000E+00
 Ladiabatic  =         0
 pressure    =   1.000000000000000E+00
 adiabatic   =   1.000000000000000E+00
 mu          =   6.365524156607903E+00
 Lconstraint =         0
 mupftol     =   1.000000000000000E-10
 mupfits     =         4
 Rac         =   1.500000000000000E+00 
 Zas         =   0.000000000000000E+00 
Rbc(0,0)    =  1.500000000000000E+00 Zbs(0,0)    =  0.000000000000000E+00 Rbs(0,0)    =  0.000000000000000E+00 Zbc(0,0)    =  0.000000000000000E+00
Rbc(0,1)    =  5.000000000000000E-01 Zbs(0,1)    = -5.000000000000000E-01 Rbs(0,1)    =  0.000000000000000E+00 Zbc(0,1)    =  0.000000000000000E+00
/
&numericlist
 Linitialize =         0
 Lzerovac    =         0
 Ndiscrete   =         4
 Nquad       =        -1
 iMpol       =        -1
 iNtor       =        -1
 Lsparse     =         0
 Lsvdiota    =         0
 imethod     =         3
 iorder      =         2
 iprecon     =         0
 iotatol     =  -1.000000000000000E+00
 Lextrap     =         0
 Mregular    =        -1
/
&locallist
 LBeltrami   =         2
 Linitgues   =         1
/
&globallist
 Lfindzero   =         1
 escale      =   0.000000000000000E+00
 opsilon     =   1.000000000000000E+00
 pcondense   =   2.000000000000000E+00
 epsilon     =   0.000000000000000E+00
 wpoloidal   =   1.000000000000000E+00
 upsilon     =   1.000000000000000E+00
 forcetol    =   1.000000000000000E-09
 c05xmax     =   1.000000000000000E-06
 c05xtol     =   1.000000000000000E-12
 c05factor   =   1.000000000000000E-02
 LreadGF     =         F
 mfreeits    =         0
 gBntol      =   1.000000000000000E-06
 gBnbld      =   6.660000000000000E-01
 vcasingeps  =   1.000000000000000E-12
 vcasingtol  =   1.000000000000000E-08
 vcasingits  =         8
 vcasingper  =         1
/
&diagnosticslist
 odetol      =   1.000000000000000E-07
 nPpts       =      100
 nPtrj       =     -1
 LHevalues   =         F
 LHevectors  =         F
 LHmatrix    =         F
 Lperturbed  =         0
 dpp         =        -1
 dqq         =        -1
 Lcheck      =         1
 Ltiming     =         F
/
&screenlist
 Wxspech = T
/
