&INDATA
  ! SOLOV'EV Equilibrium from Hirshman Whitson 1983 BETA~0.1
  MGRID_FILE = 'mgrid.focus_modified_1r_vacuum_high'
  LFREEB = T
  EXTCUR(1)  =   1.0
  DELT =   9.00E-01
  TCON0 =   2.00E+00
  LASYM = F
  NFP =    1
  NCURR =    0
  MPOL =   32
  NTOR =   0
  NZETA  =  1
  NS_ARRAY =    16     32     64     128    256    512    1024   2048
  NITER_ARRAY = 10000  20000  40000  200000 200000 200000 200000 200000
  FTOL_ARRAY =  1E-10  1E-10  1E-10  1E-11  1E-14  1E-15  1E-15  1E-15 
  NITER = 50000
  NSTEP =  1000
  NVACSKIP =    6
  GAMMA =   0.000000E+00
  PHIEDGE =   1.00000000000000E+00
  BLOAT =   1.000000E+00
  CURTOR =   0.00000000000000E+00
  SPRES_PED =   1.00000000000000E+00
  PMASS_TYPE = "power_series"
  AM =  0.125 -0.125
  AI =  0.49  -0.3
  RAXIS =   3.999
  ZAXIS =   0.00000000000000E+00
  RBC( 0,0) =  3.999     ZBS( 0,0) =  0.000
  RBC( 0,1) =  1.026     ZBS( 0,1) =  1.580
  RBC( 0,2) =  0.068     ZBS( 0,2) =  -0.010
/
&END

