&physicslist
 Igeometry   =         2
 Istellsym   =         1
 Lfreebound  =         0
 phiedge     =   1.0
 curtor      =   0.000000000000000E+00
 curpol      =   0.000000000000000E+00
 gamma       =   0.000000000000000E+00
 Nfp         =         1
 Nvol        =         1
 Mpol        =         4
 Ntor        =         2
 Lrad        =                       8
 tflux       =   1.000000000000000E+00
 pflux       =   0.000000000000000E+00  
 helicity    =   20.000000000000000E+00
 pscale      =   0.000000000000000E+00
 Ladiabatic  =         0
 pressure    =   1.000000000000000E+00
 adiabatic   =   1.000000000000000E+00 
 mu          =   3.11
 Lconstraint =         0
 mupftol     =   1.000000000000000E-10
 mupfits     =         4
 Rac         =   0.0000000000000000
 Zas         =   0.000000000000000E+00
 Rbc(0,0)    =  1.00000000000000 
 Rbc(0,1)    =  0.00000000000000 
/
&numericlist
 Linitialize =         0
 Lzerovac    =         0
 Ndiscrete   =         4
 Nquad       =        -1
 iMpol       =        -1
 iNtor       =        -1
 Lsparse     =         0
 Lsvdiota    =         0
 imethod     =         3
 iorder      =         2
 iprecon     =         0
 iotatol     =  -1.000000000000000E+00
 Lextrap     =         0
 Mregular    =        -1
/
&locallist
 LBeltrami   =         1
 Linitgues   =         1
/
&globallist
 Lfindzero   =         0
 escale      =   0.000000000000000E+00
 opsilon     =   1.000000000000000E+00
 pcondense   =   2.000000000000000E+00
 epsilon     =   0.000000000000000E+00
 wpoloidal   =   1.000000000000000E+00
 upsilon     =   1.000000000000000E+00
 forcetol    =   1.000000000000000E-09
 c05xmax     =   1.000000000000000E-06
 c05xtol     =   1.000000000000000E-12
 c05factor   =   1.000000000000000E-02
 LreadGF     =         F
 mfreeits    =         0
 gBntol      =   1.000000000000000E-06
 gBnbld      =   6.660000000000000E-01
 vcasingeps  =   1.000000000000000E-12
 vcasingtol  =   1.000000000000000E-08
 vcasingits  =         8
 vcasingper  =         1
/
&diagnosticslist
 odetol      =   1.000000000000000E-07
 nPpts       =      0
 nPtrj       =     -1    -1
 LHevalues   =         F
 LHevectors  =         F
 LHmatrix    =         F
 Lperturbed  =         0
 dpp         =        -1
 dqq         =        -1
 Lcheck      =         1
 Ltiming     =         F
/
&screenlist
 Wxspech = T
/
